
60553466
60656593
60699511
80393163
80441171
80441567
80441806
80441968
80443063
80444171
80444554
80444707
80445034
84226112
84226549
84226954
84228830
84228991
84238217
84238828
84240086
84240344
84245349
84246626
84248823
84249348
84250121
84252057
84253452
84253859
84254998
84255167
84255788
84256540
84257542
84281606
84282145
84282344
84675103
84705285
84706022
84706275
84707160
84709995
84726138
84792028
84793024
84794133
84801891
84809330
84809962
84815830
84828386
84831355
84831919
84832660
84833518
84834879
84835678
84835975
84836265
84836775
84838998
84839307
84839955
84840483
84842295
84842995
84851172
87036878
87049444
87056831
87057710
87058455
88242157
88243233
88244347
88244593
88245668
88246473
88247209
88247997
88283937
88868950
88897947
90001028
90001334
91237257
91252795
91255035
91260893
91294585
91295884
91297150
91298914
91302276
91305762
91842598
91858755
91954497
91968952
91969526
91970248
95625592
100742517
104927358
104966446
104968237
104968403
104973920
104974408
104988925
104989547
104990054
104992027
104993197
104995766
104997280
104998302
105000057
105000609
105002143
105783475
105783641
105785508
105785598
107001662
107765506
109836241
110523292
110758564
111478694
111933019
111936424
111937426
111938937
111940311
111941041
111942155
111942992
111959584
111984662
111993552
114732137
115573850
119579423
127984669
130875715
130881084
130883712
131401197
131416223
131458516
131602588
132262799
132882744
132887832
133971086
135740090
137118354
137447190
137491307
142571501
142882155
147331993
151644583
177244932
177535159
177623021
177629935
177634838
177686957
177775506
180035126
180158986
180221107
180948843
181541402
182833351
200447316
202410502
202412378
202447391
202449468
203103308
203103408
203122300
203122411
203122500
203122583
203122637
203122713
203122791
203123122
203123216
203123309
203123388
203123462
203123545
203123631
203125404
203125484
203125585
203125662
203126546
203126635
203455577
203473124
204329956
205496160
205496229
205496325
205496414
205496509
205496595
205496667
205496730
205496799
205496883
205496974
205497067
205497177
205497288
205497420
205497527
205497614
205497681
205497772
205497931
206124001
206124145
206124293
206124404
206124555
206124696
206124792
206124903
206125026
206125106
206125333
206125521
206125741
206125871
206125986
206126136
206126278
206126404
206126572
206126657
206478918
206483556
206611944
206874768
207417616
207484267
208029271
217747511
217755366
217767157
222649466
223387464
223427351
224794978
224799691
224837746
224838801
224839858
224840984
224996858
224998386
224999505
225000663
225685567
225686820
225687779
226683580
226905421
227157522
227394524
227395229
227395752
227406407
227407185
227408256
227409657
227514917
227605558
227808930
227923337
228288200
228486308
228488013
229018643
229033074
229034710
229037474
229039386
229360356
229453318
229604274
229753021
229777067
230208823
230321606
230324108
230324109
230324110
230324111
230329622
230329623
230329624
230329625
230329626
230329627
230461035
230616337
230643701
230765839
230882120
230918217
230983791
231086460
231098274
231099744
231106037
231283079
231330915
231351597
231610112
231616029
231646133
231646272
231647677
231647923
231673557
231681351
231711241
231783216
231808649
231818392
231903062
231950468
231952308
231998781
232068605
232081109
232087938
232089058
232089675
232090279
232091370
232092626
232093637
232094163
232094852
232102886
232105479
232188025
232213347
232216052
232267890
232317175
232321452
232332315
232332956
232356627
232452752
232453602
232455044
232480817
232548747
232554448
232557068
232602773
232604257
232676740
232677509
232683300
232684556
232803576
232809944
232914437
233299666
233302028
233722458
233722459
233722460
233722461
233722468
233722471
233725843
233725844
233725847
233725848
233725849
233725850
234006663
234009235
234011475
234040972
234088317
234191853
234245836
234260847
234347970
234350172
234351839
234351847
234397819
234399421
234401536
234403454
234405086
234410229
234411364
234418332
234479653
234501276
234503277
234504950
234506232
234508014
234509281
234512453
234529757
234599080
234599668
234615755
234637522
234663206
234666727
234668242
234670292
234998451
235009286
235082081
235164071
235260457
235262279
235346268
235352049
235353644
235355373
235451507
235486269
235509851
235612389
235625304
235629450
235676416
235691107
235881340
235975658
235977994
236108342
236111146
236113658
236116824
236125338
236128088
236151260
236161245
236168895
236177451
236187854
236189651
236196996
236209659
236212996
236249213
236252577
236255923
236281091
236333838
236333839
236333845
236333850
236346196
236346201
236346202
236346205
236346207
236355535
236355537
236355538
236355539
236355546
236407848
236420500
236449597
236524443
236546548
236587699
236592063
236630521
236642470
236643895
236648467
236651785
236781428
236796198
236801571
236854244
236907035
236921041
236924648
236925480
236927316
236929159
236930539
236992059
237012815
237019660
237043017
237044923
237046716
237051350
237058335
237061004
237063003
237076244
237083185
237098011
237103718
237105952
237114800
237116632
237121030
237129332
237133787
237136014
237137056
237140321
237141588
237142544
237144536
237145256
237148065
237149005
237151187
237151576
237155463
237157716
237164993
237184392
237185125
237185705
237186524
237187183
237188852
237227834
237228839
237229710
237238841
237257647
237258882
237261106
237264346
237267442
237267775
237270174
237271681
237275502
237277576
237279818
237287815
237291067
237302518
237303481
237335023
237338288
237357884
237452686
237460961
237550900
237553908
237554597
237632263
237655150
237694332
237698566
237703210
237712596
237720834
237721804
237722740
237727917
237759975
237767148
237782760
237799910
237804070
237844652
237859881
237862362
237871939
237872501
237876243
237886644
237908939
237942219
237966056
237968521
237994052
238009149
238027238
238062772
238064660
238066686
238067986
238108499
238161438
238231759
238238383
238250106
238250968
238263840
238266871
238282330
238338820
238375095
238377316
238378771
238380618
238383190
238386408
238408497
238414210
238445299
238485864
238498141
238525073
238526027
238527200
238528205
238529205
238530601
238531911
238533017
238534263
238624718
238626276
238627796
238630454
238633135
238637470
238637789
238638585
238639277
238662800
238681153
238685510
238693992
238698026
238700145
238702130
238703382
238710164
238712065
238712777
238715537
238738019
238740185
238745422
238748768
238769509
238771081
238781703
238803526
238815849
238835616
238837695
238845764
238901586
238935716
238935728
238940466
239087216
239108180
239124806
239673295
239674610
239676104
239680691
239694232
239736078
239906238
239980862
239984127
239989234
240179597
240182615
240221901
240438613
240551532
240552882
240554131
240556106
240559076
240576893
240579202
240651655
240770820
240879242
240898803
241114995
241162743
241164264
241184770
241185810
241186839
241188277
241420123
241425014
241633835
241659020
241685042
241688298
241705018
241887682
242011806
242077294
242096450
242113494
242140029
242172371
242179882
242187012
242196041
242224606
242232018
242234973
242273617
242273618
242273619
242273620
242273621
242276745
242276746
242276748
242276749
242276750
242281222
242281223
242281230
242281232
242281233
242342325
242343175
242344603
242347046
242348713
242351269
242368993
242479978
242485849
242563398
242575002
242734617
242737379
242747448
242790051
242803340
242812679
242817316
242911400
242923526
242924990
242926603
243065112
243314776
243379445
243423685
243424643
243425994
243426904
243428351
243429760
243430854
243432739
243434053
243437188
243501370
243622090
243780731
243786301
243891439
244018039
244019250
244203402
244203403
244203406
244203407
244203408
244208262
244208263
244208270
244208280
244208281
244373191
244386127
244386132
244386133
244386134
244386138
244391486
244391487
244391489
244391493
244391497
244482588
244510567
244546878
244567035
244574122
244649700
244885247
245069867
245105251
245420688
245487835
245546674
245549368
245555058
245556636
245558018
245560049
245563392
245565106
245593249
245594334
245598121
245601913
245604948
245607430
245626926
245639379
245677571
245683734
245713648
245713858
245714256
245718520
245721295
245722371
245723683
245725132
245726194
245726729
245726933
245727836
245728276
245728815
245729416
245729453
245730457
245731648
245731848
245732840
245734310
245734798
245735197
245736175
245736673
245736898
245737440
245737724
245737871
245738190
245738756
245739188
245739459
245739883
245739936
245740870
245740948
245741211
245741404
245741802
245742598
245743197
245743485
245743554
245744674
245745225
245745363
245746049
245746337
245746466
245748711
245750027
245750304
245750467
245753514
245753625
245754680
245755105
245756629
245757182
245758416
245758611
245760055
245760327
245760758
245761555
245761950
245763150
245763758
245764080
245764311
245764325
245764506
245766657
245767204
245767414
245768779
245770491
245772040
245772970
245774365
245777060
245779535
245779676
245782270
245786986
245795699
245799293
245802553
245802649
245804979
245806665
245814810
245829425
245858098
245865035
245870060
245885589
245892045
245893122
245897527
245899716
245904217
245905920
245908312
245909123
245911002
245911654
245911963
245913113
245913193
245915776
245920224
245922628
245931509
245934748
245962354
245965961
245976677
246029457
246032056
246033749
246042357
246042462
246048146
246049460
246050254
246050725
246053110
246053685
246056334
246056389
246056827
246059511
246065196
246076769
246079325
246081897
246084494
246087023
246087321
246087369
246087510
246092781
246096586
246104368
246106347
246115034
246121148
246129417
246155598
246170043
246174056
246182637
246184534
246190695
246195691
246202471
246205413
246212109
